(*

4-loop relation between the top quark pole mass and the top quark
MS-bar in the Standard Model [1604.01134].

Calculated as:

Simp[expr_] := Collect[expr, {k, g3}, Simplify]

delta1QCD = g3^2 (32/3 - 8 L);

delta2QCD = g3^4 (2309/9 + (16 Pi^2)/9 + (32 Pi^2 Log[2])/9 - (16
  Zeta[3])/ 3 - 204 L + 60 L^2);

delta3QCD = g3^6 (551909/81 + (1589684 Pi^2)/1215 + 700 Pi^4/81 -
  42304 Pi^2/81 Log[2] - 512/27 Pi^2 Log[2]^2 - 320 Log[2]^4/9 -
  2560/3 PolyLog[4, 1/2] - 13328 Zeta[3]/9 - 11512/27 Pi^2 Zeta[3] +
  31600 Zeta[5]/ 27 + (-(53696/9) - 352 Pi^2/9 - 352 Pi^2/9 Log[4] +
  2272 Zeta[3]/3) L + 2300 L^2 - 440 L^3);

delta4QCD = g3^8 (
    491000
    + L (
        - 5110172/27 - 46066276 Pi^2/1215 - 26348 Pi^4/81 + 1231424 Pi^2 Log[2]/81
        + 14848 Pi^2 Log[2]^2/27 + 9280 Log[2]^4/9 + 74240/3 PolyLog[4, 1/2]
        + 1824176 Zeta[3]/27 + 333848 Pi^2 Zeta[3]/27 - 1103600 Zeta[5]/27
      )
    + L^2 (
        750374/9 + 5104 Pi^2/9 + 320 Pi^2 Log[2]/9 + 3296 Pi^2 Log[2]/3 - 40624 Zeta[3]/3
      )
    + L^3 (-65740/3)
    + L^4 3190
);

TOvert = 1 + k delta1QCD + k^2 delta2QCD + k^3 delta3QCD + k^4 delta4QCD;

MtOvermt = Simp @ Normal[Series[Sqrt[TOvert], {k,0,4}]];

mtOverMt = Simp @ Normal[Series[1/MtOvermt, {k,0,4}]];
 *)

(*
   k  = 1/(4Pi)^2;
   L  = Log[mf^2/Q^2];
   mt = top MS-bar mass
   Mt = top pole mass
   g3 = strong gauge coupling
   Q  = renormalization scale
 *)

MtOvermt = 1 + g3^2*k*(16/3 - 4*L) + (g3^4*k^2*(2053 - 1452*L +
   396*L^2 + 16*Pi^2*(1 + Log[4]) - 48*Zeta[3]))/ 18 +
   g3^8*k^4*(-5638*L^3 + 825*L^4 + (2*L^2*(106881 + 4*Pi^2*(225 +
   626*Log[2] - 88*Log[4]) - 23580*Zeta[3]))/ 9 + (-7680*Pi^4*(89 +
   6*Log[2]^2 + Log[64]) + 32*Pi^2*(-3248713 + 46080*Log[2]^2 +
   1038240*Zeta[3] + 30*Log[2]*(37681 + 144*Zeta[3])) + 15*(435592213
   + 184320*Log[2]^4 + 4423680*PolyLog[4, 1/2] + 8120736*Zeta[3] -
   6912*Zeta[3]^2 - 6067200*Zeta[5]))/29160 - (L*(35322*Pi^4 -
   2*Pi^2*(-1968601 + 804864*Log[2] + 28800*Log[2]^2 + 12672*Log[4] +
   647550*Zeta[3]) - 3*(-5107529 + 36000*Log[2]^4 + 864000*PolyLog[4,
   1/2] + 2324568*Zeta[3] - 1465800*Zeta[5])))/243) +
   g3^6*k^3*(710*L^2 - 132*L^3 - (2*L*(9435 + 8*Pi^2*(9 + Log[262144])
   - 1656*Zeta[3]))/9 + (10500*Pi^4 - 4*Pi^2*(-394541 + 164400*Log[2]
   + 5760*Log[2]^2 + 129510*Zeta[3]) - 15*(-453365 + 2880*Log[2]^4 +
   69120*PolyLog[4, 1/2] + 117648*Zeta[3] - 94800*Zeta[5]))/2430);

mtOverMt = 1 + g3^2*k*(-16/3 + 4*L) + g3^4*k^2*(38*L - 6*L^2 + (-1541
   - 16*Pi^2*(1 + Log[4]) + 48*Zeta[3])/18) + g3^8*k^4*((970*L^3)/3 -
   85*L^4 - (8*L^2*(3179 + Pi^2*(85 + 626*Log[2] - 84*Log[4] -
   16*Log[262144]) - 2595*Zeta[3]))/9 + (2560*Pi^4*(267 + 6*Log[2]^2 +
   3*Log[4]^2 + Log[262144]) - 32*Pi^2*(-3225673 + 46080*Log[2]^2 +
   1038240*Zeta[3] + 90*Log[2]*(13929 + 16*Zeta[3]) + 30*Log[4]*(-1285
   + 48*Zeta[3])) - 15*(123206741 + 184320*Log[2]^4 +
   4423680*PolyLog[4, 1/2] + 7973280*Zeta[3] - 6912*Zeta[3]^2 -
   6067200*Zeta[5]))/9720 + (L*(134610*Pi^4 - 2*Pi^2*(-6564997 +
   2709120*Log[2] + 97920*Log[2]^2 + 81360*Log[4] + 11520*Log[262144]
   + 2201670*Zeta[3]) - 45*(-511853 + 8160*Log[2]^4 +
   195840*PolyLog[4, 1/2] + 509608*Zeta[3] - 362200*Zeta[5])))/1215) +
   g3^6*k^3*(-86*L^2 + 20*L^3 + (2*L*(2993 + 8*Pi^2*(5 + Log[1024]) -
   1560*Zeta[3]))/9 + (-10500*Pi^4 + 4*Pi^2*(-388781 + 164400*Log[2] +
   5760*Log[2]^2 + 5760*Log[4] + 129510*Zeta[3]) + 15*(-280853 +
   2880*Log[2]^4 + 69120*PolyLog[4, 1/2] + 113040*Zeta[3] -
   94800*Zeta[5]))/2430);
